[-1.9410994052886963,-0.19448338449001312],
[-1.4431718743308846,-0.14760277994050353],
[-0.9450044360811235,-0.104193203146246],
[-0.4466226364562924,-0.06388398711498666],
[0.05194797862672998,-0.02630446485447152],
[0.5506818632510643,0.008916030627553332],
[1.049553471499832,0.04214816632334179],
[1.548537257456154,0.0737626092251479],
[2.0476076752031513,0.1041300263252255],
[2.546739178823944,0.13362108461582858],
[3.045906222401655,0.16260645108921104],
[3.5450832600194033,0.1914567927376269],
[4.044244745760696,0.22054277654759105],
[4.543372711434931,0.2501218431527525],
[5.042479163862564,0.2800035466803496],
[5.541583520572153,0.30988671048388583],
[6.040705199092263,0.33947015791686475],
[6.539863616951456,0.36845271233278976],
[7.039078191676861,0.39653319710756424],
[7.538357599673229,0.4235784706580955],
[8.03766820957831,0.4501172577417538],
[8.536965974766856,0.47684122038471843],
[9.036206848613622,0.5044420206131688],
[9.53534678449336,0.5336113204532841],
[10.034341735783926,0.5650407818828186],
[10.533165837264827,0.5991384906892683],
[11.031864742306217,0.6351970537841946],
[11.530501687163529,0.672234836977412],
[12.029139908092192,0.7092702060787351],
[12.527842641347629,0.7453215268979786],
[13.02667312318021,0.7794071653189357],
[13.525679218676046,0.8107701681220808],
[14.024848577464773,0.8395337537214486],
[14.52415410608899,0.866036640798989],
[15.023568711091293,0.8906175480366525],
[15.523065299014286,0.9136151941163889],
[16.022616776401602,0.9353682977268694],
[16.522197980066473,0.9562280607028697],
[17.021791280251072,0.9765944039257942],
[17.521380884777138,0.9968791319921791],
[18.020951001466386,1.017494049498561],
[18.520485838140544,1.0388509610414753],
[19.019969602625995,1.0613616711038574],
[19.5193933959507,1.0852700890973406],
[20.018775169041383,1.1101661517276353],
[20.518139409286483,1.1354805896054283],
[21.01751060407443,1.1606441333414075],
[21.516913240793663,1.1850875135462604],
[22.0163718068321,1.2082414607995609],
[22.515910127769757,1.229495312639947],
[23.015549453824484,1.2480773295539933],
[23.515310408855793,1.263176596196761],
[24.015213616723205,1.2739821972233114],
[24.51527970128624,1.279683217288706],
[25.015529286259742,1.2794687447539501],
[25.515951111236294,1.273344606412186],
[26.016412658162302,1.2644227449778391],
[26.51675258773149,1.2565533836344926],
[27.016809560637558,1.2535867455657306],
[27.516422237574215,1.2593730539551364],
[28.015429301785844,1.2777620594651609],
[28.513751199603558,1.3108902693812674],
[29.011574069275586,1.3553269486603159],
[29.50913792402454,1.4065124794499662],
[30.006682777073028,1.4598872438978776],
[30.504448641643652,1.5108916241517094],
[31.002675466516763,1.554967140100762],
[31.501508580751963,1.5892258424715122],
[32.00080916251317,1.6157965251164466],
[32.50038527067334,1.637745814011806],
[33.0000449641054,1.658140335133829],
[33.49959630168231,1.680046714458756],
[33.9988474029402,1.7065306268329095],
[34.49767585528386,1.7395685701395944],
[34.99616233916958,1.777952774809755],
[35.494424452726925,1.819896644256187],
[35.99257979408545,1.8636135818916884],
[36.49074596137473,1.9073169911290544],
[36.989040473732715,1.949221465226882],
[37.48754073849196,1.9881457991808584],
[37.98621891546161,2.0244941251673554],
[38.485030111224106,2.058927447101292],
[38.98392943236187,2.092106768897591],
[39.48287198545736,2.124693094471171],
[39.98181291052879,2.157346912534119],
[40.480724266889624,2.190468007116583],
[40.97962248347642,2.2237724831525143],
[41.47853117419841,2.25686573434383],
[41.9774739529648,2.289353154392449],
[42.47647443368482,2.3208401370002893],
[42.97555620603486,2.3509324964596736],
[43.474730647637514,2.379448001945293],
[43.97397713137798,2.4067599033458493],
[44.47326985105434,2.433331339837169],
[44.97258300046465,2.459625450595078],
[45.471890773406976,2.4861053747954047],
[45.971167367192265,2.5132341216134644],
[46.470388734762544,2.5414097298022336],
[46.969535424163865,2.5708601876715935],
[47.468588725991005,2.6017860041225958],
[47.96752993083873,2.6343876880562926],
[48.466340329301815,2.6688657483737366],
[48.96500122289899,2.705420524702458],
[49.463499365119276,2.74416787504743],
[49.96183577610852,2.785002586816538],
[50.460013780906166,2.8277837316785677],
[50.95803670455164,2.872370381302305],
[51.45590787208433,2.918621607356536],
[51.95363063429702,2.9663962869795264],
[52.45122094534146,3.0154580964244584],
[52.948727638351976,3.065322356864423],
[53.446204840664414,3.115464399128201],
[53.9437066796146,3.165359554044572],
[54.441287282538354,3.214483152442316],
[54.939000746312445,3.262310739547202],
[55.43688701421131,3.308417485765285],
[55.93494940949571,3.352636324536043],
[56.43318541131365,3.394841325171558],
[56.931592498813195,3.4349065569839135],
[57.430168151142375,3.4727060892851926],
[57.928909832749696,3.508114305340413],
[58.42780825234101,3.5411498779681847],
[58.926836670264734,3.572204143038546],
[59.42596556767858,3.601727794542832],
[59.92516542574023,3.6301715264723757],
[60.424406725607355,3.6579860328185125],
[60.92365997383664,3.6856215714074443],
[61.4229072076335,3.713330389579768],
[61.92216018579543,3.7408543395521057],
[62.42143539099045,3.7678541527026694],
[62.92074930588658,3.7939905604096715],
[63.42011841315185,3.8189242940513246],
[63.91955917282738,3.8423165675759514],
[64.41907785298092,3.864045962225817],
[64.91865448411131,3.8845506357968294],
[65.4182649323575,3.904357560645302],
[65.91788506385846,3.923993709127547],
[66.41749074475315,3.9439860535998776],
[66.91705785802698,3.964861182867475],
[67.41656974968147,3.986975771787579],
[67.91602892589584,4.010250266568019],
[68.41544092492656,4.0345360807087856],
[68.91481128502998,4.059684627709865],
[69.41414554446263,4.085547321071251],
[69.91344924512597,4.111975541243089],
[70.41272952238201,4.1388062208058525],
[70.91199759364467,4.165839280467958],
[71.41126532077483,4.192868797752425],
[71.91054456563334,4.219688850182273],
[72.40984719008108,4.246093515280519],
[72.90918503282195,4.2718772717350415],
[73.4085601621806,4.297003858024697],
[73.90794976397319,4.321868071445559],
[74.4073271208444,4.346932326934936],
[74.90666551543877,4.37265903943014],
[75.40593823040098,4.399510623868478],
[75.90511858225035,4.427948913176314],
[76.40419403207362,4.458192718702906],
[76.90318800068816,4.489843018090674],
[77.40212953899238,4.522404057061236],
[77.90104769788472,4.555380081336204],
[78.39997152826358,4.5882753366371976],
[78.89893004570584,4.620594664273588],
[79.39793800057944,4.6520834439162915],
[79.89697408029448,4.683095144809501],
[80.39601136063526,4.714077858802888],
[80.89502291738623,4.745479677746122],
[81.39398182633175,4.777748693488876],
[81.89286121283077,4.81133215610485],
[82.39165408955266,4.84633962877937],
[82.89040368749511,4.8820279665876845],
[83.38916104216729,4.9175215038597315],
[83.88797718907831,4.951944574925453],
[84.3869031637374,4.9844215141147865],
[84.88598993406688,5.014077841637985],
[85.38526191465826,5.040504983136115],
[85.88467670802537,5.064466650696994],
[86.38418157382017,5.086908032530141],
[86.88372377169472,5.10877431684507],
[87.38325056130095,5.1310106918513005],
[87.88270926048756,5.154561274708375],
[88.38206919165994,5.17996521118273],
[88.88135467783592,5.206749416944869],
[89.38059849467695,5.234285245391343],
[89.87983341784455,5.261944049918702],
[90.37909222300023,5.289097183923495],
[90.87840764589549,5.315116781345472],
[91.37779854790723,5.339646325600697],
[91.87724962421562,5.362997508933361],
[92.37674040470242,5.3855830444294766],
[92.87625041924942,5.407815645175061],
[93.3757591977384,5.430108024256127],
[93.87524628120848,5.452872647354552],
[94.37469503621548,5.476437152543165],
[94.8740982262833,5.500920808050149],
[95.37345003166718,5.526411467279949],
[95.87274463262231,5.552996983637008],
[96.37197620940398,5.5807652105257715],
[96.87113893637978,5.609804007503977],
[97.37022498946097,5.640203322768778],
[97.86922164454471,5.6720582256510435],
[98.36811544027216,5.705464556007357],
[98.86689291528447,5.740518153694303],
[99.36554060822274,5.777314858568464],
[99.8640450833916,5.815950232901458],
[100.36240147461258,5.856427148001071],
[100.86062586450706,5.898521885456484],
[101.35873747723342,5.941976746867677],
[101.85675553695003,5.986534033834634],
[102.35469926781529,6.031936047957337],
[102.85258788565442,6.077925229359235],
[103.35043783437393,6.124290096245328],
[103.84825878650551,6.170931728551724],
[104.34605939992039,6.217768073087895],
[104.8438483324899,6.264717076663319],
[105.34163424208532,6.3116966860874735],
[105.83942576319421,6.358625081943674],
[106.33722388504744,6.40549687670531],
[106.83501097993927,6.4524928018592504],
[107.33276664030309,6.499821379983087],
[107.83047045857228,6.547691133654413],
[108.32810202718021,6.596310585450821],
[108.82564100015564,6.645887618501432],
[109.32308695657186,6.6964232654526485],
[109.82048789922345,6.747415851409246],
[110.31789904567479,6.798288801838585],
[110.81537561349018,6.848465542208022],
[111.31297282023402,6.897369497984915],
[111.81074582075874,6.944424686893168],
[112.30872965656276,6.989245078908453],
[112.8069105655009,7.03190554982929],
[113.30526752687952,7.072549525812568],
[113.80377952000494,7.111320433015182],
[114.30242552418352,7.148361697594022],
[114.80118453127993,7.183816678831624],
[115.300039435327,7.21780795659161],
[115.79898254261985,7.2504079895398466],
[116.29800755012833,7.281681830866444],
[116.79710815482224,7.31169453376151],
[117.29627805367136,7.340511151415156],
[117.79551094613403,7.368196722200432],
[118.29480129331694,7.394811749508474],
[118.79414538822391,7.420405829306737],
[119.29353979366472,7.4450269510937614],
[119.79298107244902,7.468723104368087],
[120.29246578738653,7.491542278628254],
[120.79199049055296,7.513532675685721],
[121.29154847272471,7.534807004533442],
[121.79112519159982,7.555632909283842],
[122.29070495299136,7.576300817866592],
[122.79027206271246,7.597101158211364],
[123.28981082657623,7.618324358247826],
[123.7893055714066,7.640260635676101],
[124.28874692946549,7.663137117508278],
[124.78814064196042,7.6870297542995605],
[125.2874946661046,7.711992323786796],
[125.78681695911139,7.738078603706832],
[126.28611547819398,7.765342371796518],
[126.78539818989353,7.793836208904512],
[127.28467575941225,7.823266420328841],
[127.78396527294812,7.852515408822634],
[128.2832847510669,7.880345684822148],
[128.7826522143344,7.9055197587636385],
[129.28208568331635,7.926800141083364],
[129.78160318019656,7.942950194517093],
[130.28122318980363,7.952976996559934],
[130.78096529524757,7.95646618357453],
[131.28084923905146,7.953087368464198],
[131.78089476373842,7.942510164132255],
[132.28112161183145,7.924404183482016],
[132.78154857061227,7.898436990242182],
[133.2819311837165,7.863711440435599],
[133.7814045964124,7.817999517549241],
[134.27901463384762,7.758881596417194],
[134.77380712116982,7.683938051873546],
[135.26482788352666,7.590749258752382],
[135.75112389677895,7.476901205966469],
[136.2319998798886,7.341237354867164],
[136.70734253604368,7.185440541054604],
[137.1771183993133,7.011583077605295],
[137.6412940037665,6.821737277595746],
[138.09983588347234,6.6179754541024645],
[138.55271084515644,6.402366740068536],
[138.9999279433816,6.176487510085501],
[139.4415838047548,5.940892740754043],
[139.87778593317827,5.696010541161442],
[140.30864183255417,5.442269020394973],
[140.73425900678475,5.180096287541914],
[141.15474612774474,4.909921710858653],
[141.57037554015963,4.632351111210532],
[141.9817502568071,4.348346796444147],
[142.38951313031492,4.058914024996079],
[142.79430701331094,3.765058055302904],
[143.19677475842295,3.4677841458012035],
[143.59755579572595,3.168093120223416],
[143.99683663594345,2.866398941141743],
[144.39390247688513,2.5619477130082013],
[144.78793187053938,2.2538473560922707],
[145.17810336889465,1.9412057906634272],
[145.56359552393945,1.6231309369911509],
[145.94359139207072,1.2987356411430777],
[146.31784925756156,0.9677617899128046],
[146.68726120278518,0.6311911355624155],
[147.05285192617674,0.2901504527135151],
[147.41564612617137,-0.054233484012292145],
[147.77666850120428,-0.40083389999340147],
[148.13693641201104,-0.748530870016502],
[148.4965386589211,-1.0970712377086198],
[148.85373832463563,-1.447906070936105],
[149.20658558026562,-1.802685180835776],
[149.5531305969222,-2.163058378544453],
[149.89142354571635,-2.5306754751989557],
[150.21952352375345,-2.9071782392280534],
[150.5365933267353,-3.2932139587372546],
[150.84395213843715,-3.6874869226155855],
[151.14316869946867,-4.0884765582164615],
[151.43581175043948,-4.494662292893301],
[151.7234500319592,-4.904523553999518],
[152.00764785217805,-5.316544490607142],
[152.28945787254526,-5.729754288186368],
[152.56895206608033,-6.144226819662237],
[152.8460915250806,-6.560154074678213],
[153.12083734184358,-6.977728042877753],
[153.39315060866673,-7.39714071390432],
[153.6629850208647,-7.818586386916926],
[153.92961386743556,-8.242471800254975],
[154.19109108092522,-8.66958440460437],
[154.44534376729752,-9.100751248953493],
[154.69029903251632,-9.536799382290717],
[154.92388398254562,-9.978555853604428],
[155.144041664987,-10.426840269802916],
[155.3500299362695,-10.88185844185405],
[155.54338271245624,-11.34275364134008],
[155.7258604422968,-11.808563386945535],
[155.8992235745409,-12.278325197354947],
[156.0652325579383,-12.751076591252845],
[156.22563148329567,-13.225861220965237],
[156.38099493255748,-13.702161262667866],
[156.52996746912552,-14.180182580221441],
[156.6710131266025,-14.660198729682161],
[156.802595938591,-15.142483267106229],
[156.92317993869366,-15.62730974854984],
[157.03124753131334,-16.114947479964513],
[157.12645762195575,-16.60539358248657],
[157.21033672037396,-17.09821310496982],
[157.28457724877967,-17.592932712239552],
[157.35087162938456,-18.089079069121063],
[157.41091228440035,-18.58617884043966],
[157.46637680794063,-19.08376177175061],
[157.5180139133519,-19.581550595655024],
[157.56510954774816,-20.079571953440542],
[157.60682110166167,-20.577879195694663],
[157.64230596562467,-21.07652567300491],
[157.6707215301693,-21.57556473595879],
[157.69123004938905,-22.075048391434073],
[157.7032973594891,-22.574944772329296],
[157.7068667435138,-23.0750901020373],
[157.7019233717254,-23.575309031307153],
[157.6884524143861,-24.0754262108879],
[157.66643904175814,-24.575266291528607],
[157.635867322855,-25.07465390673945],
[157.59665647075133,-25.57341267478015],
[157.54862586653454,-26.07136465114731],
[157.49158638428077,-26.568331758169343],
[157.42534889806606,-27.064135918174664],
[157.34972428196667,-27.55859905349169],
[157.26452538086667,-28.051542911275256],
[157.16967788771484,-28.54277920827755],
[157.06527937342545,-29.032104384026347],
[156.95144184482115,-29.519313594926185],
[156.82827730872458,-30.004201997381614],
[156.69589777195839,-30.48656474779718],
[156.554419290218,-30.96619972740396],
[156.40417521506876,-31.443051054072225],
[156.24582173869632,-31.91728011223765],
[156.08004125379654,-32.38906591885942],
[155.90751615306513,-32.858587490896724],
[155.72892882919788,-33.32602384530876],
[155.5449487967498,-33.79154744409461],
[155.35557262802357,-34.254988222357426],
[155.1598074718057,-34.71567249967505],
[154.95658133944656,-35.17288631475389],
[154.74482224229655,-35.625915706300326],
[154.523458191706,-36.07404671302079],
[154.29143662564178,-36.516576311749354],
[154.04871440869366,-36.95336983548711],
[153.79672927216654,-37.385126417048895],
[153.53703702493118,-37.81261167264831],
[153.27119347585833,-38.23659121849898],
[153.00075443381877,-38.65783067081451],
[152.7272558569054,-39.077083972027516],
[152.45124053287202,-39.49452100418233],
[152.17181596604829,-39.90946759250756],
[151.88797761195238,-40.3211836689305],
[151.59872092610243,-40.728929165378425],
[151.3030413640166,-41.131964013778656],
[150.99994500779954,-41.529553671847886],
[150.68895657944427,-41.92123328831008],
[150.37034286793664,-42.30692388424337],
[150.04442777968586,-42.68657618159497],
[149.71153522110103,-43.06014090231209],
[149.37198909859134,-43.42756876834191],
[149.02611872481842,-43.78881921278475],
[148.6745113412101,-44.14426727214848],
[148.31811983848604,-44.49487715759518],
[147.95792488366115,-44.841657836531624],
[147.5949071437504,-45.18561827636466],
[147.23004728576868,-45.52776744450109],
[146.86430943347705,-45.86909573879265],
[146.4979102989764,-46.20975459868534],
[146.13003062770684,-46.54873260654794],
[145.7597749756872,-46.88493282326396],
[145.38624789893655,-47.21725830971697],
[145.0085539534737,-47.544612126790476],
[144.62580111504514,-47.86589998276981],
[144.23724552222936,-48.18014228705139],
[143.84234508230182,-48.48651564943229],
[143.44057216496796,-48.78420787588318],
[143.0313991399332,-49.07240677237469],
[142.61429837690295,-49.35030014487747],
[142.1887472419463,-49.61705333530442],
[141.75443366540432,-49.87088497146118],
[141.31132894943636,-50.1087396183929],
[140.8594243578292,-50.3274720920421],
[140.3987111543697,-50.52393720835133],
[139.92918060284467,-50.69498978326311],
[139.45084222477124,-50.837550309792604],
[138.96440836177885,-50.95106747952816],
[138.47150034370947,-51.03825981464589],
[137.9737998489189,-51.10206292420457],
[137.47298855576312,-51.145412417262996],
[136.97074814259807,-51.17124390287994],
[136.46873584246075,-51.18249082371127],
[135.9677748256889,-51.18201270577099],
[135.4676676150373,-51.17257862283022],
[134.96815449353903,-51.15695213282634],
[134.46897574422727,-51.13789679369671],
[133.96987165013525,-51.11817616337868],
[133.47058668561942,-51.100510636769535],
[132.9710065455572,-51.08616629316508],
[132.47118871592392,-51.074640074677724],
[131.97120106182498,-51.06532203717899],
[131.47111144836575,-51.05760223654041],
[130.97098774065162,-51.05087072863353],
[130.47089674345438,-51.044524309164544],
[129.97086984377984,-51.03818490100767],
[129.47089552062795,-51.03174716467491],
[128.97095967731235,-51.02512213260151],
[128.47104821714677,-51.018220837222735],
[127.97114704344486,-51.01095431097383],
[127.47124228515398,-51.003235643069395],
[126.97132756360922,-50.99504622011378],
[126.47140555162137,-50.98644993807786],
[125.97147946294982,-50.97751562398708],
[125.47155251135385,-50.96831210486686],
[124.97162791059289,-50.958908207742645],
[124.4717088876339,-50.94936849758085],
[123.97179910439922,-50.939617181079754],
[123.4719027462046,-50.92940956802465],
[122.97202402945133,-50.91849093704622],
[122.47216717054067,-50.90660656677511],
[121.97233638587389,-50.89350173584197],
[121.47253609933138,-50.878923050121855],
[120.97277754999932,-50.86266071236613],
[120.4730801678385,-50.84455732235824],
[119.97346386834175,-50.8244585858301],
[119.47394856700188,-50.80221020851359],
[118.97455417931167,-50.7776578961406],
[118.47530021709008,-50.75065146555262],
[117.97619296283344,-50.7211754641091],
[117.47722281679971,-50.68937618760539],
[116.97837923942765,-50.65540950317484],
[116.47965169115606,-50.619431277950824],
[115.9810296324237,-50.58159737906671],
[115.48250172333628,-50.542079696184636],
[114.98403058824165,-50.501571350329954],
[114.48554770516093,-50.46138900659238],
[113.98698271936526,-50.42288602139763],
[113.48826527612582,-50.387415751171446],
[112.98932502071386,-50.35633155233957],
[112.49009367745232,-50.330945255646846],
[111.99056999377557,-50.31123001413931],
[111.4908325470702,-50.295564507331434],
[110.99096457971876,-50.28223423902804],
[110.4910493341038,-50.26952471303398],
[109.99117005260786,-50.2557214331541],
[109.49140823562306,-50.239147463080535],
[108.99178941453927,-50.21933264091917],
[108.4922725649404,-50.19724184632388],
[107.99281278311823,-50.17392360221897],
[107.49336516536462,-50.15042643152875],
[106.99388480797144,-50.12779885717754],
[106.49432765651446,-50.107070170785136],
[105.99467679853765,-50.08865505745922],
[105.49494751462295,-50.07223921866839],
[104.9951569540833,-50.05746604007417],
[104.4953222662317,-50.04397890733811],
[103.99546060038108,-50.03142120612174],
[103.49558887983521,-50.01943976291632],
[102.99571682873817,-50.00779100628691],
[102.49584564594967,-49.9963611561765],
[101.9959760367163,-49.98504394743585],
[101.49610870628467,-49.97373311491571],
[100.99624435990143,-49.96232239346684],
[100.49638368281863,-49.950707649182405],
[99.99652672572341,-49.93885238755385],
[99.49667278917866,-49.926800071105724],
[98.99682113043814,-49.914598778766816],
[98.49697100675553,-49.90229658946595],
[97.99712167538456,-49.88994158213192],
[97.49727242498368,-49.877580463121994],
[96.99742353554913,-49.86521661145596],
[96.49757645588258,-49.85280232243552],
[95.99773270198588,-49.84028695431447],
[95.49789378986087,-49.827619865346605],
[94.99806123550938,-49.81475041378574],
[94.49823646363926,-49.80163069826409],
[93.99841803085081,-49.78829890954829],
[93.49860112004473,-49.77489450692619],
[92.99878072087293,-49.761562750444874],
[92.4989518229873,-49.748448900151395],
[91.99910941603976,-49.73569821609281],
[91.49924865819307,-49.72345325391967],
[90.99936990765748,-49.711773114775525],
[90.49947958604862,-49.7006195894409],
[89.9995844574427,-49.689948972616165],
[89.49969128591592,-49.67971755900172],
[88.99980683554446,-49.66988164329795],
[88.49993765067705,-49.66039027864219],
[88.00008351459681,-49.65096969363309],
[87.50023633811588,-49.641086663727194],
[87.00038758842274,-49.63019334386532],
[86.50052873270575,-49.6177418889883],
[86.0006512381533,-49.60318445403691],
[85.50074908408644,-49.58596878136677],
[85.00089279552034,-49.565408160083585],
[84.50124159719061,-49.540660077378824],
[84.00195967333163,-49.51087330903647],
[83.50321120817775,-49.475196630840536],
[83.00516038596334,-49.43277881857505],
[82.5079691591408,-49.38277805169307],
[82.01173216930606,-49.324636125621026],
[81.51646645332843,-49.258121825237325],
[81.02218474444271,-49.18302206889206],
[80.5288997758836,-49.099123774935336],
[80.0366242808859,-49.00621386171724],
[79.5453965315976,-48.90404196727431],
[79.05599991922426,-48.7912700454562],
[78.57006279448319,-48.66532662427251],
[78.0892591141227,-48.52357365853462],
[77.61526283489103,-48.363373103053895],
[77.14974791353647,-48.18208691264173],
[76.69436466114443,-47.97714882225413],
[76.25009602550409,-47.74801845354794],
[75.81718077571739,-47.49641450013382],
[75.39581861495951,-47.224174246413476],
[74.9862092464058,-46.93313497678863],
[74.5885523732315,-46.62513397566102],
[74.20306948031349,-46.30197417678576],
[73.83055853235605,-45.96454938132903],
[73.47243932698764,-45.61277273415379],
[73.13016253046872,-45.2465086990106],
[72.80517880905971,-44.86562173964994],
[72.4989388290211,-44.46997631982236],
[72.21285778679787,-44.059469535246635],
[71.94749268094651,-43.63478801736111],
[71.70251807862643,-43.1974302279726],
[71.47756822930171,-42.748931720869905],
[71.27227738243646,-42.290828049841764],
[71.08627978749473,-41.824654768676965],
[70.91919131961484,-41.35192974208619],
[70.77021396506886,-40.873772381386296],
[70.63814060885531,-40.390908253545554],
[70.52174671920598,-39.90404615830224],
[70.41980776435261,-39.413894895394705],
[70.33109921252708,-38.92116326456123],
[70.25441225968939,-38.426548339001776],
[70.1888613640593,-37.93050616872347],
[70.13386421405171,-37.43326671637685],
[70.08885021425617,-36.93505120907417],
[70.05324876926231,-36.436080873927615],
[70.02648928365979,-35.936576938049434],
[70.00795266198615,-35.436757467467615],
[69.99602887405428,-34.936775942132456],
[69.98818158358198,-34.43672546821187],
[69.98183889839477,-33.93669683445006],
[69.97442892631827,-33.43678082959127],
[69.963379775178,-32.937068242379674],
[69.94614621370698,-32.43765064149933],
[69.92072591283743,-31.938635477728294],
[69.88562304454523,-31.440145019057113],
[69.83936115048783,-30.94230210011814],
[69.78046377232279,-30.445229555543758],
[69.70745445170756,-29.94905021996633],
[69.61880184764478,-29.453959086661037],
[69.51188900597536,-28.96157849188717],
[69.38310329518144,-28.47483986905076],
[69.22879523042845,-27.99672310557892],
[69.04531532688183,-27.530208088898764],
[68.82901409970704,-27.078274706437412],
[68.57641562901986,-26.643925653660116],
[68.2871315773092,-26.23056936288403],
[67.96342930563604,-25.841963249756294],
[67.60766274800743,-25.481876106409068],
[67.22218583843033,-25.1540767249745],
[66.80935251091172,-24.862333897584733],
[66.37159948020815,-24.610246465948634],
[65.91248301306995,-24.39911481064448],
[65.4363640919351,-24.228587215930094],
[64.94762135272822,-24.098275723126115],
[64.45063343137383,-24.0077923735532],
[63.94977896379652,-23.956749208532],
[63.44917101839224,-23.944346067119483],
[62.95015463679152,-23.96548637869922],
[62.452429776225536,-24.01252014484298],
[61.95567465785545,-24.07776362934848],
[61.45956750284238,-24.153533096013433],
[60.96378653234749,-24.23214480863555],
[60.46802899522819,-24.306473819227865],
[59.972174477641296,-24.374749897091366],
[59.47620404512533,-24.438182966444106],
[58.98009985717128,-24.498015077713948],
[58.48384407327016,-24.55548828132878],
[57.98741885291295,-24.611844627716458],
[57.490804312875234,-24.6681705065958],
[56.99396129049266,-24.724083159712],
[56.49684002227358,-24.778392015713372],
[55.99939063487177,-24.82989813201915],
[55.501563254941,-24.877402566048556],
[55.00330800913504,-24.919706375220816],
[54.5045897380984,-24.955837584929856],
[54.00551172070506,-24.986959674175218],
[53.5062531659361,-25.015407367946022],
[53.0069940631617,-25.04352742897997],
[52.50791440175199,-25.073666620014748],
[52.00919417107712,-25.10817170378805],
[51.51099061685889,-25.14910365667157],
[51.0132493096087,-25.19586364038561],
[50.515800726483086,-25.24640660577289],
[50.01847419540175,-25.298673062888664],
[49.52109904428448,-25.350603521788187],
[49.023504601051,-25.40013849252671],
[48.52554097017419,-25.44546083560901],
[48.02725091893223,-25.487000748582386],
[47.52878166365261,-25.526406786722248],
[47.030281453430376,-25.56533955213698],
[46.53189853736053,-25.605459646934943],
[46.03378116453809,-25.648427673224514],
[45.536058479941794,-25.69569331434391],
[45.03868282845648,-25.74675429428577],
[44.54151085971201,-25.800051814711335],
[44.04439828222164,-25.854016686894724],
[43.54720080449857,-25.907079722110055],
[43.04977413505604,-25.957671731631446],
[42.55198969245186,-26.00439375920202],
[42.05386384729087,-26.047417534419115],
[41.555491237220096,-26.087762880706023],
[41.05696726334733,-26.126457894270064],
[40.55838732678035,-26.16453067131857],
[40.059846828626945,-26.203009308058856],
[39.561432135587474,-26.24282772535236],
[39.0631464302395,-26.284052726475323],
[38.56494805523335,-26.326283699912185],
[38.066794918300424,-26.369115500520003],
[37.56864492717214,-26.412142983155842],
[37.07045598957992,-26.454961002676782],
[36.57219546419036,-26.49725031100482],
[36.07391757817625,-26.539481185074887],
[35.57572331924917,-26.582548896064285],
[35.077714126527965,-26.627352817872264],
[34.57999143913146,-26.674792324398084],
[34.08265669617852,-26.72576678954102],
[33.5857941975904,-26.781026426795435],
[33.089331239961965,-26.839955068315877],
[32.5931108368379,-26.901203040861418],
[32.09697519563016,-26.963413655513502],
[31.600766523750675,-27.02523022335356],
[31.1043270286114,-27.085296055463022],
[30.607510626791687,-27.142326208710635],
[30.1102778542941,-27.195689031032412],
[29.61264620569026,-27.245101873606153],
[29.114633711389573,-27.290285370857973],
[28.616258401801424,-27.330960157214008],
[28.11753830733522,-27.366846867100374],
[27.618491458400367,-27.397666134943208],
[27.119135885406262,-27.423138595168634],
[26.619489618762298,-27.442984882202765],
[26.533483505249027,-27.445812225341797],
